# oST version 5.0 parameters


[image]

width
640

height
360

[narrow_stereo/left]

camera matrix
588.394233 0.000000 295.789706
0.000000 591.128577 173.824542
0.000000 0.000000 1.000000

distortion
-0.006468 0.116697 0.000385 -0.001820 0.000000

rectification
0.998997 -0.000938 -0.044757
0.000865 0.999998 -0.001646
0.044758 0.001605 0.998997

projection
631.562853 0.000000 347.178288 0.000000
0.000000 631.562853 176.396049 0.000000
0.000000 0.000000 1.000000 0.000000
# oST version 5.0 parameters


[image]

width
640

height
360

[narrow_stereo/right]

camera matrix
589.022791 0.000000 333.511494
0.000000 591.827850 178.720181
0.000000 0.000000 1.000000

distortion
-0.017760 0.123718 -0.000545 -0.001160 0.000000

rectification
0.999114 -0.004287 -0.041862
0.004355 0.999989 0.001535
0.041855 -0.001716 0.999122

projection
631.562853 0.000000 347.178288 -39.572007
0.000000 631.562853 176.396049 0.000000
0.000000 0.000000 1.000000 0.000000
